21127083
21177214
21177855
21003441
21126302
21126210
21177450
21177321
21177715
20995155
21177343
21177693
21177472
21177413
21177763
21126280
21003791
21126420
21178426
21127035
21126394
21177870
21178382
20995181
21178463
21126976
21177166
21003743
21003835
21003813
21177811
21178135
21200034
21177634
21126195
21178393
21177903
21126431
21003942
21177822
21177424
21177461
21177590
21177391
21178194
21126346
21177192
21178091
21178452
21177052
21200336
21177295
21126501
21178360
21126696
21178371
21200373
21200362
21200351
21003905
21178113
21126221
21177914
21126405
21003172
21200211
21178172
21178275
21178161
21177704
21126545
21178010
21178032
21178021
21200163
21126512
21178183
21003651
21126884
21200255
21126641
21178290
21126711
21126685
21177833
21177240
21178054
21126770
21126276
21126744
21177516
21200023
21126232
21177520
21003603
21178312
21177170
21177741
21178474
21126733
21003640
21126350
21200395
21177203
21177494
21003953
21178150
21177844
21200406
21178076
21003673
21177881
21126840
21126265
21200185
21177365
21177354
21126700
21200082
21200222
21126534
21177800
21178301
21177063
21003614
21178065
21200174
21200292
21178146
21177623
21177380
21178242
21126873
21126361
21126254
21200071
21127094
21003916
21178124
21177586
21126556
21177936
21177925
21126291
21200060
21177446
21177796
21178253
21178334
21177962
21200093
21177973
21127013
21178264
21126766
21177774
21126372
21126324
21200303
21177564
21177575
21177251
21200200
21177483
21177026
21126663
21177262
21127072
21126523
21126243
21200012
21127024
21126593
21178220
21127061
21177995
21200384
21126825
21126674
21177940
21177015
21177085
21178006
21178286
21177671
21126851
21178485
21177111
21177074
21126582
21126836
21177612
21200115
21177310
21126965
21177730
21200152
21177726
21126652
21126560
21177004
21200325
21178430
21126910
21126814
21126792
21177645
21177553
21177133
21177332
21177144
21126571
21126781
21177435
21178205
21177273
21178323
21177682
21177236
21177041
21126932
21126615
21178404
21126416
21177984
21177660
21200266
21177505
21177376
21177284
21177122
21126335
21200340
21126980
21178080
21178102
21200056
21200233
21177601
21177951
21126803
21177306
21177225
21177785
21178496
21200314
21200244
21200130
21126954
21126313
21126604
21177752
21126943
21177402
21126626
21177181
21126921
21178441
21127046
21200196
21177155
21127002
21178345
21177030
21177656
21177096
21126895
21200104
21126630
21200270
21200001
21126755
21177892
21178216
21200141
21177531
21200126
21178231
21178043
21177100
21200281
21178356
21127050
21126906
21178415
21126991
21177542
21126383
21200045
21126862
21003183